AO-07
1 07530U 74089B   19129.73812796 -.00000031  00000-0  89106-4 0  9991
2 07530 101.7405  97.8145 0012585  64.8671  56.9524 12.53637922 35517
UO-11
1 14781U 84021B   19128.88177757  .00000033  00000-0  10138-4 0  9990
2 14781  97.6143 155.5227 0010079  93.8518 266.3849 14.83081665892718
LO-19
1 20442U 90005G   19129.37881735 -.00000001  00000-0  15788-4 0  9995
2 20442  98.6459  71.4529 0010597 268.6456  91.3513 14.32923939530603
HUBBLE
1 20580U 90037B   19129.22132328  .00000365  00000-0  11279-4 0  9997
2 20580  28.4686 119.5432 0002890  53.0063  72.5093 15.09218520394771
MET-2/21
1 22782U 93055A   19129.18406612 -.00000016  00000-0 -28013-4 0  9990
2 22782  82.5509 195.2157 0020915 293.3029 124.1759 13.83817819297261
AO-27
1 22825U 93061C   19129.54893020 -.00000002  00000-0  17234-4 0  9995
2 22825  98.9017 117.2742 0009428 112.9953 247.2224 14.30057614336211
IO-26
1 22826U 93061D   19129.21019770 -.00000009  00000-0  14283-4 0  9990
2 22826  98.8957 116.9244 0010017 104.0989 256.1306 14.30390872336366
FO-29
1 24278U 96046B   19127.91947413 -.00000037  00000-0 -23393-7 0  9995
2 24278 098.5312 287.0078 0350118 348.5243 010.8063 13.53090510121900
NOAA-15
1 25338U 98030A   19129.55963992  .00000043  00000-0  36880-4 0  9997
2 25338  98.7499 150.8919 0010411   6.4844 353.6468 14.25905988 91539
GO-32
1 25397U 98043D   19129.69991793 -.00000003  00000-0  17901-4 0  9991
2 25397  98.6863  70.3347 0002042 122.3815 237.7561 14.23664726 82183
ISS
1 25544U 98067A   19130.05560308  .00001233  00000-0  27124-4 0  9990
2 25544  51.6417 190.6903 0001344 331.1553 100.3316 15.52651600169334
NO-44
1 26931U 01043C   19129.23000752 -.00000032  00000-0  19476-4 0  9997
2 26931  67.0498 108.0897 0006237 279.6523  80.3873 14.30540763919182
SO-50
1 27607U 02058C   19129.22056637 -.00000025  00000-0  17447-4 0  9995
2 27607  64.5539 173.3318 0082301 264.2479  94.9236 14.75542570881066
CO-55
1 27844U 03031E   19129.62131276  .00000040  00000-0  37566-4 0  9997
2 27844  98.6852 138.4321 0010585 141.6734 218.5198 14.22174500822598
CO-57
1 27848U 03031J   19129.60204354  .00000026  00000-0  31638-4 0  9995
2 27848  98.6930 138.9043 0010280 152.2843 207.8884 14.21769960822442
RS-22
1 27939U 03042A   19129.73159863  .00000085  00000-0  23801-4 0  9994
2 27939  98.0337 266.3397 0012686 188.3577 171.7416 14.66775097834688
NOAA-18
1 28654U 05018A   19129.61192609  .00000074  00000-0  65225-4 0  9990
2 28654  99.1000 175.9721 0013197 291.5901  68.3864 14.12421758719856
CO-58
1 28895U 05043F   19129.37951647  .00000126  00000-0  33031-4 0  9991
2 28895  97.9530 273.5067 0018139 117.2391 243.0662 14.63656668721591
Falconsat-3
1 30776U 07006E   19128.09291975  .00002174  00000-0  61992-4 0  9994
2 30776  35.4360 356.1350 0001475  94.1906 265.8989 15.36013115674285
CO-65
1 32785U 08021C   19129.21168795  .00000200  00000-0  27162-4 0  9991
2 32785  97.5497 130.8364 0014155  42.6171 317.6142 14.88291051597666
AAUSAT2
1 32788U 08021F   19128.81348858  .00000332  00000-0  35600-4 0  9991
2 32788  97.4994 146.3495 0011255 345.5940  14.4958 14.94686286598814
DO-64
1 32789U 08021G   19128.71379119  .00000645  00000-0  47284-4 0  9993
2 32789  97.4679 179.6095 0010495 264.1934  95.8097 15.06852513600794
CO-66
1 32791U 08021J   19128.76118274  .00000370  00000-0  42927-4 0  9998
2 32791  97.5290 136.3364 0013896  21.1813 338.9978 14.90792291598019
RS-30
1 32953U 08025A   19129.72449639  .00000020  00000-0  75656-4 0  9998
2 32953  82.5023 169.6186 0018585 212.9007 147.0919 12.43089222497340
PRISM
1 33493U 09002B   19129.21340329  .00000010  00000-0  64546-5 0  9990
2 33493  98.1228  48.6331 0014440 322.8905  37.1316 14.96611507559090
NOAA-19
1 33591U 09005A   19129.59213640  .00000062  00000-0  59037-4 0  9993
2 33591  99.1787 119.7490 0014777 128.4230 231.8270 14.12349440528258
TISAT-1
1 36799U 10035E   19128.41202350  .00000308  00000-0  37235-4 0  9996
2 36799  98.1502 279.2095 0011486 215.8092 144.2356 14.91071626478610
JUGNU
1 37839U 11058B   19128.64079832  .00000313  00000-0  25101-4 0  9995
2 37839  19.9606 223.7158 0018727 234.6378 267.4556 14.12649330391448
SRMSAT
1 37841U 11058D   19128.84530355  .00000317  00000-0  29069-4 0  9993
2 37841  19.9723 278.4060 0011789 107.3561  45.4264 14.10630959390928
AO-71
1 37854U 11061E   19129.24292345  .00000488  00000-0  33142-4 0  9996
2 37854 101.7067   6.7028 0161043 185.9457 173.9847 15.06314094410904
HRBE
1 37855U 11061F   19129.58737615  .00001100  00000-0  63031-4 0  9990
2 37855 101.7202   4.5941 0173811 195.6478 163.9321 15.05320330410740
ALMASAT-1
1 38078U 12006B   19129.81113797  .00029090  42330-5  17221-3 0  9997
2 38078  69.4293  20.3021 0169782 323.6075  98.8502 15.61044342391261
HORYU-2
1 38340U 12025D   19129.16397432  .00000135  00000-0  27806-4 0  9991
2 38340  98.3331 166.5297 0010230 250.6601 109.3502 14.75702088375185
RS-40
1 38735U 12041C   19129.77187918 -.00000016  00000-0 -18980-3 0  9992
2 38735  82.4743 252.9658 0016219 325.2062  34.7953 12.42577762307590
BEESAT-3
1 39135U 13015F   19129.54027640  .00000802  00000-0  49751-4 0  9991
2 39135  64.8655 168.2514 0015158 323.6121  36.3973 15.17371587334154
BEESAT-2
1 39136U 13015G   19129.49639163  .00000580  00000-0  39288-4 0  9992
2 39136  64.8686 172.0913 0016095 311.2962  48.6777 15.16814804334074
ZACUBE-1
1 39417U 13066B   19128.89957570  .00000185  00000-0  29552-4 0  9992
2 39417  97.5647 144.6900 0059370 166.2714 194.0131 14.81094826295007
TRITON-1
1 39427U 13066M   19128.89459530  .00000165  00000-0  34551-4 0  9999
2 39427  97.6732 108.8006 0112470 296.5159  62.4549 14.67821729292354
GOMX-1
1 39430U 13066Q   19129.85239347  .00000231  00000-0  50736-4 0  9999
2 39430  97.7425  89.0373 0152042  20.3487 340.3691 14.59233581290797
LO-74
1 39440U 13066AA  19129.00356515  .00000167  00000-0  30249-4 0  9999
2 39440  97.6021 129.8447 0079334 216.2603 143.3216 14.75834457293976
AO-73
1 39444U 13066AE  19128.85509661  .00000212  00000-0  32293-4 0  9999
2 39444  97.5630 146.5529 0058673 160.4691 199.8790 14.81908925293884
SPROUT
1 39770U 14029E   19129.87108293  .00000782  00000-0  92784-4 0  9993
2 39770  97.8807 233.4331 0008123 210.3103 149.7662 14.87289198268918
DUCHIFAT-1
1 40021U 14033M   19128.73033414  .00000423  00000-0  49013-4 0  9994
2 40021  97.9237  53.1906 0012693 178.6915 181.4338 14.90593976265440
NANOSATCBR1
1 40024U 14033Q   19129.20574380  .00000323  00000-0  39517-4 0  9999
2 40024  97.9137  51.1919 0012002 180.1730 179.9485 14.89813253265414
EO-79
1 40025U 14033R   19129.37807883  .00000247  00000-0  32349-4 0  9996
2 40025  97.9066  49.1263 0012111 185.4706 174.6381 14.88917953265325
DTUSAT-2
1 40030U 14033W   19128.75813351  .00000189  00000-0  26362-4 0  9993
2 40030  97.8988  46.7351 0011631 182.5907 177.5252 14.88512638265163
EO-80
1 40032U 14033Y   19128.82932104  .00000209  00000-0  28547-4 0  9991
2 40032  97.8994  46.8073 0011584 183.0258 177.0890 14.88454339265162
ANTELSAT
1 40034U 14033AA  19129.18128061  .00000167  00000-0  32345-4 0  9996
2 40034  97.7665 358.0670 0057547 226.3165 133.3268 14.74083337262708
VELOX-1
1 40057U 14034E   19129.72454453  .00000299  00000-0  49349-4 0  9997
2 40057  98.2288 251.9644 0011008  10.0896 350.0540 14.77639637261863
DAURIA DX 1
1 40071U 14037C   19129.76754374  .00000081  00000-0  17874-4 0  9992
2 40071  98.4200 281.6256 0008565   3.0245 357.1016 14.81259234261343
UKUBE-1
1 40074U 14037F   19129.71498319  .00000355  00000-0  49758-4 0  9994
2 40074  98.4315 289.4148 0004917   4.8783 355.2470 14.84025414261721
HODOYOSHI-1
1 40299U 14070B   19129.84890516  .00000586  00000-0  27577-4 0  9990
2 40299  97.3493 210.4277 0012860 174.8098 322.8086 15.23314744250200
CHUBUSAT-1
1 40300U 14070C   19129.76651402  .00000662  00000-0  31853-4 0  9990
2 40300  97.3291 204.9537 0019258 192.9588 322.5529 15.22026690249946
QSAT-EOS
1 40301U 14070D   19129.77208223  .00001669  00000-0  67583-4 0  9998
2 40301  97.3273 207.7662 0025892 176.2364 300.6240 15.25783828250209
FIREBIRD FU3
1 40377U 15003B   19128.90145348  .00001008  00000-0  44147-4 0  9998
2 40377  99.1106 100.8055 0126620 226.0398 133.0333 15.18625490235732
FIREBIRD FU4
1 40378U 15003C   19129.48179192  .00001019  00000-0  44532-4 0  9997
2 40378  99.1108 101.5783 0126883 223.9740 135.1340 15.18632481235828
GRIFEX
1 40379U 15003D   19129.71549189  .00000843  00000-0  40563-4 0  9995
2 40379  99.1096  96.1729 0134563 241.0987 117.6686 15.15369334235539
NO-84
1 40654U 15025D   19129.25818400  .00005563  00000-0  84481-4 0 06098
2 40654 054.9907 357.0893 0137175 221.0371 138.0262 15.46376775106190
NO-83
1 40655U 15025E   19129.34167161  .00038626  00000-0  22288-3 0 07295
2 40655 054.9677 250.4310 0061291 287.7947 071.6402 15.75601139107352
DEORBITSAIL
1 40719U 15032E   19129.67863799  .00000367  00000-0  59561-4 0  9995
2 40719  97.9128  22.3075 0017944  75.6491 284.6710 14.76704649206357
NUDT-PHONESAT
1 40900U 15049B   19129.75332505  .00002094  00000-0  92953-4 0  9991
2 40900  97.4383 139.4835 0012038 333.6551 111.9980 15.22620267201580
XW-2A
1 40903U 15049E   19129.74195815  .00001699  00000-0  42261-4 0  9991
2 40903  97.3413 172.2723 0012034 293.6605 204.0693 15.41690362204096
XW-2C
1 40906U 15049H   19129.72910067  .00000778  00000-0  44347-4 0  9990
2 40906  97.4670 132.4723 0014470 345.2161 124.7471 15.15621085200949
XW-2D
1 40907U 15049J   19129.78029314  .00000510  00000-0  30155-4 0  9999
2 40907  97.4643 132.1991 0013952 342.8365 141.7000 15.15802346200967
LILACSAT-2
1 40908U 15049K   19129.73346581  .00000621  00000-0  38003-4 0  9996
2 40908  97.4783 131.0696 0015817 347.5593  97.7943 15.13770552200765
XW-2E
1 40909U 15049L   19129.82693465  .00001019  00000-0  53850-4 0  9992
2 40909  97.4590 134.9485 0013187 338.4216 145.1913 15.17693001201144
XW-2F
1 40910U 15049M   19129.70715390  .00000874  00000-0  47304-4 0  9998
2 40910  97.4621 134.0328 0014205 335.4977 113.9597 15.17206510200955
XW-2B
1 40911U 15049N   19129.73794258  .00000820  00000-0  46411-4 0  9991
2 40911  97.4674 132.7958 0013942 343.8078 101.5818 15.15735793200856
DCBB
1 40912U 15049P   19129.80523469  .00001228  00000-0  60985-4 0  9999
2 40912  97.4500 137.6780 0013804 317.4540 167.4304 15.19508374201253
TW-1C
1 40926U 15051B   19129.76180181  .00010530  00000-0  15906-3 0  9990
2 40926  97.1391 176.0002 0009475 149.7895 303.7823 15.54855382203958
TW-1A
1 40928U 15051D   19129.74431368  .00002808  00000-0  71102-4 0  9996
2 40928  97.1490 161.9308 0009916 211.4072 240.3490 15.40525571203029
IO-86
1 40931U 15052B   19128.08007138  .00000748  00000-0  15064-4 0  9997
2 40931   5.9995 353.3253 0013648 287.6416  72.2667 14.76605893195101
LQSat
1 40958U 15057A   19129.21573358  .00000014  00000-0  98782-5 0  9994
2 40958  97.9009 199.4991 0018437  15.8937 344.2845 14.73076227192843
AO-85
1 40967U 15058D   19129.34325551  .00000212  00000-0  40349-4 0 06812
2 40967 064.7763 280.9033 0204631 215.3780 143.3607 14.75925991101781
ATHENOXAT-1
1 41168U 15077C   19129.30995142  .00001718  00000-0  55732-4 0  9998
2 41168  14.9874 151.9975 0011550 251.8139 108.0925 15.13542613187858
ChubuSat-2
1 41338U 16012B   19128.83725950  .00000311  00000-0  17531-4 0  9995
2 41338  31.0039  44.3997 0013667  58.6686 301.5286 15.00134916176778
ChubuSat-3
1 41339U 16012C   19129.14419933  .00000322  00000-0  18315-4 0  9995
2 41339  31.0103  40.5963 0013364  68.6461 291.5606 15.00312037176819
Horyu-4
1 41340U 16012D   19128.88053534  .00000456  00000-0  27965-4 0  9997
2 41340  31.0059  34.0720 0013818  84.3994 275.8218 15.01237431176875
OUFTI-1
1 41458U 16025C   19129.71731458  .00003154  00000-0  16280-3 0  9997
2 41458  98.1008 214.5346 0168034 131.2856 230.2979 15.05676588166560
e-st@r-II
1 41459U 16025D   19129.85729482  .00001997  00000-0  10556-3 0  9990
2 41459  98.0990 214.3659 0168741 131.9382 229.6363 15.05321489166556
AAUSAT4
1 41460U 16025E   19129.81572601  .00002580  00000-0  13214-3 0  9990
2 41460  98.0962 215.4673 0159747 125.1962 236.4280 15.07159128166667
LO-87
1 41557U 16033B   19129.68196779  .00001291  00000-0  51206-4 0  9991
2 41557  97.4172 217.4182 0015566  81.1014 279.1986 15.27107313163986
NuSat2
1 41558U 16033C   19129.70082167  .00001309  00000-0  49048-4 0  9991
2 41558  97.4197 218.3538 0014619  82.2724 278.0175 15.29009681164022
Lapan A3
1 41603U 16040E   19129.81775036  .00000231  00000-0  13959-4 0  9991
2 41603  97.3639 189.5049 0013363 171.6676 322.5478 15.19700982159681
Swayam
1 41607U 16040J   19129.65938811  .00001495  00000-0  66085-4 0  9990
2 41607  97.3686 192.4479 0013981 165.1432 195.0218 15.23170269159781
Pratham
1 41783U 16059A   19129.65740788  .00000048  00000-0  18571-4 0  9999
2 41783  98.0709 190.1157 0034406 148.0715 212.2581 14.62988470139693
AlSat 1N
1 41789U 16059G   19129.81686249  .00000102  00000-0  28212-4 0  9998
2 41789  98.0727 192.1776 0029256 137.2797 223.0676 14.64235861139815
ScatSat
1 41790U 16059H   19129.65196822  .00000002  00000-0  11629-4 0  9998
2 41790  98.2133 175.6896 0018490 165.5368 194.6360 14.50877090138526
TY-1
1 41844U 16066D   19129.79077723  .00000844  00000-0  37511-4 0  9991
2 41844  97.4050 137.6333 0014628 335.6853 145.0103 15.24209485138611
Pegasus-1
1 41846U 16066F   19129.09242644  .00000155  00000-0  34289-4 0  9996
2 41846  98.7156 168.6310 0367525 359.2876   0.7742 14.37545100130727
CAS-2T
1 41847U 16066G   19129.18231042  .00000025  00000-0  14526-4 0  9995
2 41847  98.7102 169.2495 0365857 355.6560   4.1477 14.37978413131176
EO-88
1 42017U 17008BX  19129.15924734  .00001207  00000-0  50644-4 0  9990
2 42017  97.4057 196.6668 0005028 325.2879  34.8031 15.25400624123746
ZA-AeroSat
1 42713U 98067LU  19129.64283175  .00253676  38779-4  43904-3 0  9995
2 42713  51.6258 112.3714 0005075  55.1562 304.9925 16.01791269113083
NJUST-1
1 42722U 98067MB  19129.82984001  .00094822  14469-4  30527-3 0  9994
2 42722  51.6328 119.6719 0007401  48.7498  24.6500 15.90857352112073
nSIGHT1
1 42726U 98067MF  19129.30766283  .00015437  00000-0  13153-3 0  9994
2 42726  51.6353 155.0529 0006375  21.9491 338.1778 15.69752629111473
Aoxiang-1
1 42735U 98067MQ  19129.84090575  .00121151  16881-4  31985-3 0  9999
2 42735  51.6250 116.5556 0007182  54.2274  15.5962 15.94495366113244
CAS-4B
1 42759U 17034B   19129.76756954  .00000179  00000-0  24489-4 0  9991
2 42759  43.0166  90.0457 0011463 353.1477  77.8494 15.09555894104802
CAS-4A
1 42761U 17034D   19129.73190663  .00000236  00000-0  27937-4 0  9995
2 42761  43.0179  89.8061 0011975 354.9956  71.4231 15.09633085104791
UCLSat
1 42765U 17036A   19129.71365686  .00001136  00000-0  51748-4 0  9995
2 42765  97.3546 188.5715 0011905  19.2515 340.9169 15.22643162104384
NIUSat
1 42766U 17036B   19128.71733571  .00000813  00000-0  39636-4 0  9990
2 42766  97.3546 186.1213 0015879  10.7388 349.4184 15.21022404104009
LituanicaSAT 2
1 42768U 17036D   19129.16724349  .00001673  00000-0  74742-4 0  9997
2 42768  97.3579 187.6185 0015203   9.7401 350.4128 15.22625191104144
Aalto 1
1 42775U 17036L   19128.81604191  .00000670  00000-0  32984-4 0  9996
2 42775  97.3534 186.5351 0014203  11.0919 349.0627 15.21266984103995
URSA MAIOR
1 42776U 17036M   19128.84604764  .00000710  00000-0  34630-4 0  9991
2 42776  97.3542 186.6989 0014011  11.0672 349.0870 15.21393601104006
Max Valier Sat
1 42778U 17036P   19129.16045187  .00000800  00000-0  38085-4 0  9995
2 42778  97.3580 187.7124 0012655  15.2867 344.8749 15.21931930104075
Pegasus
1 42784U 17036V   19129.20561783  .00000970  00000-0  44923-4 0  9998
2 42784  97.3551 187.9087 0012551  20.9118 339.2630 15.22394038104101
NUDATSat
1 42787U 17036Y   19128.89999453  .00001693  00000-0  74173-4 0  9997
2 42787  97.3580 188.2189 0013334  15.5957 344.5687 15.23307953103936
SUCHAI 1
1 42788U 17036Z   19128.82924827  .00001145  00000-0  51899-4 0  9996
2 42788  97.3555 187.8115 0012120  21.8723 338.3029 15.22789182104137
SKCUBE
1 42789U 17036AA  19127.79099751  .00001191  00000-0  53996-4 0  9992
2 42789 097.3552 186.7458 0012103 025.4580 334.7251 15.22694791103895
VZLUSAT 1
1 42790U 17036AB  19127.83582646  .00001570  00000-0  69017-4 0  9991
2 42790 097.3566 187.1806 0011623 025.0860 335.0940 15.23306145103924
VENTA 1
1 42791U 17036AC  19127.76554138  .00001174  00000-0  53250-4 0  9991
2 42791 097.3551 186.7723 0011777 026.2444 333.9387 15.22715382103886
Robusta 1B
1 42792U 17036AD  19129.69760577  .00001187  00000-0  53594-4 0  9997
2 42792  97.3551 188.7497 0011512  20.1494 340.0195 15.22862846104203
D-SAT
1 42794U 17036AF  19129.67740501  .00000311  00000-0  32704-4 0  9990
2 42794  97.5438 176.1306 0125049 275.0839  83.6118 14.91071664102372
BIRD-G
1 42821U 98067MV  19129.49967974  .00387283  81806-4  49306-3 0  9997
2 42821  51.6162 114.9962 0004601  57.0440 303.1014 16.06782164105361
BIRD-M
1 42822U 98067MW  19129.45394475  .01633157  11956-4  59664-3 0  9996
2 42822  51.6171 111.7114 0000403 136.0505 224.0547 16.23970431105404
BIRD-N
1 42824U 98067MY  19129.47871106  .01001755  71068-3  59136-3 0  9997
2 42824  51.6212 112.7123 0002607  70.2830 289.8522 16.18101318105384
TechnoSat
1 42829U 17042E   19129.67999789  .00000046  00000-0  10023-4 0  9995
2 42829  97.5684  24.2156 0013902 187.1307 172.9716 14.90957441 98978
TOMSK-TPU 120
1 42910U 98067MZ  19129.85465345  .00042899  00000-0  22521-3 0  9995
2 42910  51.6346 136.4417 0006579  28.2732  34.3638 15.80277769 98725
TANYUSHA 1
1 42911U 98067NA  19129.86802560  .00089013  00000-0  31263-3 0  9993
2 42911  51.6240 128.1200 0007450  33.7009  35.2138 15.88406913 98812
TANYUSHA 2
1 42912U 98067NB  19129.60244391  .00061603  00000-0  26592-3 0  9992
2 42912  51.6338 133.9781 0006878  33.4401  69.4889 15.84319855 98732
TNS 0-2
1 42914U 98067ND  19129.19987899  .00042046  00000-0  21742-3 0  9997
2 42914  51.6338 140.5494 0006426  20.7929 339.3333 15.80618969 98605
QIKCOM-1
1 42983U 98067NF  19129.63323105  .00002926  00000-0  43979-4 0  9996
2 42983  51.6388 181.3037 0004173 343.5837  16.5020 15.58569646 87093
AO-91
1 43017U 17073E   19129.05965227  .00000430  00000-0  39766-4 0  9993
2 43017  97.7234  52.0056 0256952 290.8909  66.4968 14.78512508 79256
EcAMSat
1 43019U 98067NG  19129.53334365  .00005331  00000-0  68905-4 0  9995
2 43019  51.6392 177.6737 0004679 324.2253  35.8426 15.60767962169452
PICSAT
1 43132U 18004X   19129.70459249  .00001255  00000-0  55620-4 0  9993
2 43132  97.4909 197.5962 0010817  43.0997 317.1085 15.23461292 73416
AO-92
1 43137U 18004AC  19129.16812018  .00000835  00000-0  38135-4 0  9990
2 43137  97.4902 197.0560 0010461  46.5124 313.6980 15.23373519 73327
TianYi 2
1 43155U 18008A   19129.82278914  .00001160  00000-0  72827-4 0  9996
2 43155  97.4885 203.1970 0019263 100.4042  34.3209 15.11073971 71807
Zhou Enlai
1 43156U 18008B   19129.84895655  .00000626  00000-0  41662-4 0  9995
2 43156  97.4923 203.1257 0016760  99.5099 352.9956 15.10571498 71789
TianYi 6
1 43158U 18008D   19129.75656063  .00000969  00000-0  63094-4 0  9998
2 43158  97.4871 202.5638 0015278  96.0057  26.9346 15.10175708 71738
S-Net G
1 43186U 18014G   19129.71117494  .00000107  00000-0  14456-4 0  9994
2 43186  97.7123  38.7414 0012119 132.9595 227.2644 14.96627630 69150
S-Net H
1 43187U 18014H   19129.71100627  .00000121  00000-0  15660-4 0  9999
2 43187  97.7122  38.7305 0012101 132.8867 227.3372 14.96627796 69153
S-Net J
1 43188U 18014J   19129.71078905  .00000128  00000-0  16296-4 0  9996
2 43188  97.7124  38.7459 0012101 132.9443 227.2796 14.96627329 69158
S-Net K
1 43189U 18014K   19129.71111655  .00000111  00000-0  14784-4 0  9999
2 43189  97.7122  38.7285 0012090 132.8145 227.4095 14.96627304 67705
FMN 1
1 43192U 18015A   19129.22070138  .00002147  00000-0  90942-4 0  9991
2 43192  97.3930 257.4995 0018109  76.8984 283.4275 15.24111778 70155
Shaonian Xing
1 43199U 18015H   19129.77085391  .00001610  00000-0  67753-4 0  9993
2 43199  97.3711 257.2496 0018934  85.8736 274.4665 15.24667190 70285
1KUNS-PF
1 43466U 98067NP  19129.44308820  .00012840  00000-0  13473-3 0  9990
2 43466  51.6362 178.5187 0001926 359.5844   0.5149 15.64758387 56612
UBAKUSAT
1 43467U 98067NQ  19129.37227561  .00008554  00000-0  10217-3 0  9995
2 43467  51.6359 181.7918 0002295 303.1962  56.8812 15.61936940 56579
Irazu
1 43468U 98067NR  19128.60546455  .00018219  00000-0  17258-3 0  9998
2 43468  51.6353 180.4115 0002438 359.4882   0.6111 15.67009612156509
EnduroSat One
1 43551U 98067NZ  19129.58324590  .00012664  00000-0  14923-3 0  9997
2 43551  51.6365 183.1981 0006806 358.3540   1.7430 15.61762443 46807
EQUISat
1 43552U 98067PA  19129.15050342  .00008345  00000-0  10440-3 0  9993
2 43552  51.6375 186.3212 0006955 356.0969   3.9969 15.60741876 46689
UiTMSat 1
1 43589U 98067PD  19129.15500358  .00009293  00000-0  11558-3 0  9994
2 43589  51.6349 187.0637 0006394   3.2595 356.8439 15.60737594 42413
Maya 1
1 43590U 98067PE  19129.15062268  .00009122  00000-0  11347-3 0  9996
2 43590  51.6355 187.0378 0006415   3.8629 356.2412 15.60758830 42345
Bhutan 1
1 43591U 98067PF  19128.56648418  .00010055  00000-0  12423-3 0  9991
2 43591  51.6365 189.9007 0006608   1.9066 358.1951 15.60800735 42256
SiriusSat 1
1 43595U 98067PG  19129.36541237  .00009161  00000-0  11683-3 0  9998
2 43595  51.6353 186.9704 0004052 330.1060  29.9702 15.60099957 41544
SiriusSat 2
1 43596U 98067PH  19129.71192857  .00010323  00000-0  13159-3 0  9990
2 43596  51.6364 185.5631 0004627 330.7583  29.3151 15.59945350 41597
Tanusha-3
1 43597U 98067PJ  19129.36119638  .00011150  00000-0  13504-3 0  9991
2 43597  51.6349 186.1700 0004507 343.0701  17.0142 15.61202159 41557
SurfSat
1 43614U 18070B   19129.24271670  .00002125  00000-0  58004-4 0  9996
2 43614  93.0259 346.9916 0018927 100.1906 260.1483 15.37343026 36197
CP-7 DAVE
1 43615U 18070C   19129.57199265  .00002386  00000-0  65211-4 0  9999
2 43615  93.0262 347.1294 0019088  98.8210 261.5206 15.37279152 36246
ELFIN-B
1 43616U 18070D   19129.26947997  .00002598  00000-0  69759-4 0  9995
2 43616  93.0226 346.9243 0019889 103.0374 257.3102 15.37809969 36206
ELFIN-A
1 43617U 18070E   19129.26434053  .00003036  00000-0  81448-4 0  9997
2 43617  93.0281 347.1057 0019022 100.2006 260.1394 15.37842066 36204
STARS-Me Mother
1 43640U 98067PQ  19129.47063418  .00005721  00000-0  81785-4 0  9990
2 43640  51.6367 189.1934 0005599 313.8917  46.1613 15.57870115 33458
CubeBel 1
1 43666U 18083E   19129.73187147  .00001228  00000-0  64567-4 0  9990
2 43666  97.5222 154.4773 0014510 333.7633 138.1426 15.17494179 29222
Changshagaoxin
1 43669U 18083H   19129.34261924  .00000556  00000-0  31778-4 0  9997
2 43669  97.5094 153.5210 0009973 328.7251  31.3387 15.16727060 29110
Ten-Koh
1 43677U 18084G   19129.19935879  .00000193  00000-0  25747-4 0  9993
2 43677  97.8464 243.2055 0017282  58.9543 301.3368 14.90155240 28580
PO-101
1 43678U 18084H   19129.89110166  .00000444  00000-0  49964-4 0  9991
2 43678  97.8448 244.3198 0011473  77.6570 282.5928 14.91549769 28718
IRVINE 01
1 43693U 18088D   19129.09599861  .00001682  00000-0  73353-4 0  9991
2 43693  85.0351 344.9305 0018113 349.8002  10.2869 15.21206202 27193
QO-100
1 43700U 18090A   19129.65995344  .00000140  00000-0  00000 0 0  9993
2 43700   0.0134 270.9573 0001515 171.6281  47.9888  1.00270396  1895
Reaktor Hello World
1 43743U 18096AA  19129.78825667  .00001346  00000-0  54158-4 0  9997
2 43743  97.4623 199.8241 0020032 114.8065   5.2498 15.26508518 24645
MinXSS-2
1 43758U 18099A   19129.20394366  .00000557  00000-0  55597-4 0  9991
2 43758  97.7467 201.7304 0017253 102.3687 257.9466 14.95372158 23381
AO-95
1 43770U 18099N   19129.20272584  .00000472  00000-0  48706-4 0  9992
2 43770  97.7471 201.5844 0016188 107.9661 252.3325 14.94734473 23379
RANGE-B
1 43772U 18099Q   19129.19448580  .00000261  00000-0  29216-4 0  9994
2 43772  97.7521 201.6938 0015803  96.6081 263.6939 14.94832325 23365
RANGE-A
1 43773U 18099R   19129.19655779  .00000181  00000-0  21876-4 0  9990
2 43773  97.7418 201.4933 0015140  96.4938 263.8007 14.94778833 23368
MOVE-II
1 43780U 18099Y   19129.17740606  .00000071  00000-0  11742-4 0  9999
2 43780  97.7459 201.5847 0015178 106.1692 254.1200 14.95010179 23353
SNUSat 2
1 43782U 18099AA  19129.17216878 -.00000069  00000-0 -99831-6 0  9996
2 43782  97.7468 201.6163 0014404  96.1452 264.1410 14.95025500 23369
SnugLite
1 43784U 18099AC  19129.16437621  .00000236  00000-0  26756-4 0  9996
2 43784  97.7434 201.5552 0016791 103.5068 256.8025 14.95103039 23377
ITASat 1
1 43786U 18099AE  19129.16267092  .00000262  00000-0  29062-4 0  9993
2 43786  97.7487 201.6670 0016869 102.5647 257.7462 14.95112932 23374
EAGLET 1
1 43790U 18099AJ  19129.18971924 -.00000023  00000-0  31138-5 0  9990
2 43790  97.7475 201.7666 0014914 107.4235 252.8618 14.95485686 23073
ESEO
1 43792U 18099AL  19129.18726626 -.00000227  00000-0 -15255-4 0  9997
2 43792  97.7456 201.7353 0014723 104.3962 255.8894 14.95491405 23130
CSIM
1 43793U 18099AM  19129.17844012  .00000030  00000-0  78939-5 0  9996
2 43793  97.7417 201.6421 0014711 103.0276 257.2588 14.95642310 23100
Astrocast 0.1
1 43798U 18099AS  19129.16498211  .00000047  00000-0  94507-5 0  9993
2 43798  97.7466 201.7712 0014137  89.2864 270.9977 14.95718319 23368
JO-97
1 43803U 18099AX  19128.88321123  .00000703  00000-0  69006-4 0  9999
2 43803  97.7444 201.3282 0016883 104.4363 255.8733 14.95236088 23329
Suomi 100
1 43804U 18099AY  19129.15043511  .00000683  00000-0  67235-4 0  9992
2 43804  97.7443 201.5912 0016948 103.7552 256.5556 14.95237637 23372
Al Farabi 2
1 43805U 18099AZ  19129.68258574  .00000844  00000-0  81716-4 0  9997
2 43805  97.7445 202.1258 0017011 102.3638 257.9488 14.95285967 23454
PWSat 2
1 43814U 18099BJ  19129.30801594  .00014996  00000-0  12584-2 0  9990
2 43814  97.7732 202.2909 0013013 111.7839 248.4732 14.98384582 22803
CHOMPTT
1 43855U 18104G   19129.60082070  .00001002  00000-0  41491-4 0  9990
2 43855  85.0354  82.9368 0020374  99.1293 261.2267 15.22299185 21921
ISAT
1 43879U 18111D   19128.85740063 -.00000214  00000-0 -13943-4 0  9990
2 43879  97.7206  37.4502 0013596 154.7273 205.4616 14.95955223 17847
UWE-4
1 43880U 18111E   19129.70515370  .00000484  00000-0  48046-4 0  9997
2 43880  97.7218  38.3523 0012955 151.5804 208.6127 14.96201296 17979
Sparrow
1 43881U 18111F   19129.16618107  .00000742  00000-0  70792-4 0  9990
2 43881  97.7202  37.8345 0012799 153.6681 206.5203 14.96245724 17898
Lume 1
1 43908U 18111AJ  19128.77113514  .00000871  00000-0  38329-4 0  9991
2 43908  97.2928  35.1329 0022951 132.6306 227.6872 15.24239441 20210
FO-98
1 43933U 19003B   19129.70510503  .00000711  00000-0  34446-4 0  9992
2 43933  97.2851 188.5498 0016786 221.8562 254.7470 15.21566039 16973
FO-99
1 43937U 19003F   19129.70258008  .00001224  00000-0  53897-4 0  9996
2 43937  97.2802 188.7760 0023621 209.8155 270.3470 15.23460191 16997
Delphini 1
1 44030U 98067PW  19129.21309078  .00007060  00000-0  10724-3 0  9993
2 44030  51.6374 193.4710 0005276 358.5049   1.5926 15.55777150 15246
MYSat 1
1 44045U 18092F   19129.41664577  .00001884  00000-0  66248-4 0  9990
2 44045  51.6429 205.9087 0011089 299.4119  60.5755 15.34736217 13057
AstroCast 0.2
1 44083U 19018F   19129.68513259  .00000530  00000-0  26752-4 0  9993
2 44083  97.4720 189.9780 0015057 143.2737 216.9533 15.21330456  5832
AISTechSat 3
1 44103U 19018AB  19129.65480695  .00000951  00000-0  43976-4 0  9994
2 44103  97.4599 189.9397 0014243 160.9970 199.1801 15.22546169  5824
AISat 1
1 44104U 19018AC  19129.72016794  .00000779  00000-0  27961-4 0  9992
2 44104  97.5130 190.6845 0058537 206.9402 152.8797 15.30381269  5893